Vector a: 
0 100.000000 100.000000 100.000000 100.000000 100.000000 100.000000 100.000000 100.000000 100.000000 0

Vector b: 
-1.000000 205.000000 205.000000 205.000000 205.000000 205.000000 205.000000 205.000000 205.000000 205.000000 -1.000000

Vector c: 
0 100.000000 100.000000 100.000000 100.000000 100.000000 100.000000 100.000000 100.000000 100.000000 0

Vector d: 
0.000000
0.979975
0.919601
0.817981
0.673634
0.484505
0.247986
-0.039053
-0.380240
-0.779660
0.540302

Vector xi: 
0 0.000000 0.487805 0.640125 0.709283 0.745870 0.766795 0.779299 0.786967 0.791745 0.794751

Vector eta: 
0 0.000000 -0.004780 -0.008946 -0.012147 -0.014085 -0.014515 -0.013244 -0.010115 -0.004998 0.002224

Vector x: 
0.000000
0.005029
0.020109
0.045390
0.081120
0.127643
0.185392
0.254891
0.336743
0.431630
0.540302

